%YAML:1.0
M1: !!opencv-matrix
   rows: 3
   cols: 3
   dt: d
   data: [ 5.2696886244983546e+02, 0., 3.7811248413081108e+02, 0.,
       5.2696886244983546e+02, 2.3637557727107784e+02, 0., 0., 1. ]
D1: !!opencv-matrix
   rows: 1
   cols: 8
   dt: d
   data: [ -3.4640803606175657e-01, 8.9854609568270738e-01, 0., 0., 0.,
       0., 0., 1.0213259641959702e+00 ]
M2: !!opencv-matrix
   rows: 3
   cols: 3
   dt: d
   data: [ 5.2696886244983546e+02, 0., 3.2255863918368641e+02, 0.,
       5.2696886244983546e+02, 2.5373928484153811e+02, 0., 0., 1. ]
D2: !!opencv-matrix
   rows: 1
   cols: 8
   dt: d
   data: [ -1.7078799449494708e-01, 4.3218545435892652e-01, 0., 0., 0.,
       0., 0., 1.1724414421474421e+00 ]
