%YAML:1.0
R: !!opencv-matrix
   rows: 3
   cols: 3
   dt: d
   data: [ 9.9882360832417838e-01, 2.6387014725830257e-02,
       -4.0683226373126213e-02, -2.8704512766572619e-02,
       9.9793424501157602e-01, -5.7474286250544446e-02,
       3.9082609957651046e-02, 5.8574466169438288e-02,
       9.9751770987379640e-01 ]
T: !!opencv-matrix
   rows: 3
   cols: 1
   dt: d
   data: [ 2.1537372175174796e-01, 3.8341982570622287e-03,
       -2.5938438218779988e-02 ]
R1: !!opencv-matrix
   rows: 3
   cols: 3
   dt: d
   data: [ 9.8632323179538406e-01, 3.6826478087311397e-02,
       -1.6065582134611209e-01, -4.1590325935424853e-02,
       9.9878616624824124e-01, -2.6390128831167960e-02,
       1.5948895638662330e-01, 3.2710925129462311e-02,
       9.8665762459319217e-01 ]
R2: !!opencv-matrix
   rows: 3
   cols: 3
   dt: d
   data: [ 9.9267066732340525e-01, 1.7672054471321849e-02,
       -1.1955184953177467e-01, -1.4112778560197966e-02,
       9.9943350260335562e-01, 3.0553287143922553e-02,
       1.2002406307493622e-01, -2.8642143159177173e-02,
       9.9235772376609888e-01 ]
P1: !!opencv-matrix
   rows: 3
   cols: 4
   dt: d
   data: [ -8.8960663799455256e+02, 0., -1.8081050491333008e+03, 0., 0.,
       -8.8960663799455256e+02, 8.1858232116699219e+02, 0., 0., 0., 1.,
       0. ]
P2: !!opencv-matrix
   rows: 3
   cols: 4
   dt: d
   data: [ -8.8960663799455256e+02, 0., -1.8081050491333008e+03,
       -1.9301254567797710e+02, 0., -8.8960663799455256e+02,
       8.1858232116699219e+02, 0., 0., 0., 1., 0. ]
Q: !!opencv-matrix
   rows: 4
   cols: 4
   dt: d
   data: [ 1., 0., 0., 1.8081050491333008e+03, 0., 1., 0.,
       -8.1858232116699219e+02, 0., 0., 0., -8.8960663799455256e+02, 0.,
       0., -4.6090612134548801e+00, 0. ]
