%YAML:1.0
R: !!opencv-matrix
   rows: 3
   cols: 3
   dt: d
   data: [ 9.9882687673395731e-01, 2.6392576533868423e-02,
       -4.0599288390216925e-02, -2.8702671372431779e-02,
       9.9793794027025795e-01, -5.7411009616982520e-02,
       3.9000345767368397e-02, 5.8508967458492822e-02,
       9.9752477350538349e-01 ]
T: !!opencv-matrix
   rows: 3
   cols: 1
   dt: d
   data: [ 2.1539592605431454e-01, 3.8328156768181591e-03,
       -2.5917844335407295e-02 ]
R1: !!opencv-matrix
   rows: 3
   cols: 3
   dt: d
   data: [ 9.8635354305119138e-01, 3.6838469809566524e-02,
       -1.6046686652530909e-01, -4.1591466961872749e-02,
       9.9878688082291622e-01, -2.6361270303028012e-02,
       1.5930109223204075e-01, 3.2675584740284487e-02,
       9.8668914465274182e-01 ]
R2: !!opencv-matrix
   rows: 3
   cols: 3
   dt: d
   data: [ 9.9268353148626931e-01, 1.7664089898526348e-02,
       -1.1944616462660351e-01, -1.4111867035803232e-02,
       9.9943453596836351e-01, 3.0519887327210352e-02,
       1.1991772815023097e-01, -2.8610981139390909e-02,
       9.9237147794237246e-01 ]
P1: !!opencv-matrix
   rows: 3
   cols: 4
   dt: d
   data: [ -8.4353624902397200e+02, 0., -1.7402319736480713e+03, 0., 0.,
       -8.4353624902397200e+02, 7.7552438735961914e+02, 0., 0., 0., 1.,
       0. ]
P2: !!opencv-matrix
   rows: 3
   cols: 4
   dt: d
   data: [ -8.4353624902397200e+02, 0., -1.7402319736480713e+03,
       -1.8303342984532480e+02, 0., -8.4353624902397200e+02,
       7.7552438735961914e+02, 0., 0., 0., 1., 0. ]
Q: !!opencv-matrix
   rows: 4
   cols: 4
   dt: d
   data: [ 1., 0., 0., 1.7402319736480713e+03, 0., 1., 0.,
       -7.7552438735961914e+02, 0., 0., 0., -8.4353624902397200e+02, 0.,
       0., -4.6086458071447121e+00, 0. ]
