%YAML:1.0
M1: !!opencv-matrix
   rows: 3
   cols: 3
   dt: d
   data: [ 5.2706043365923949e+02, 0., 3.7822774428307054e+02, 0.,
       5.2706043365923949e+02, 2.3640326156106508e+02, 0., 0., 1. ]
D1: !!opencv-matrix
   rows: 1
   cols: 8
   dt: d
   data: [ -3.4707407086676545e-01, 9.0197418520028905e-01, 0., 0., 0.,
       0., 0., 1.0277094814949121e+00 ]
M2: !!opencv-matrix
   rows: 3
   cols: 3
   dt: d
   data: [ 5.2706043365923949e+02, 0., 3.2261910285870204e+02, 0.,
       5.2706043365923949e+02, 2.5373509968060142e+02, 0., 0., 1. ]
D2: !!opencv-matrix
   rows: 1
   cols: 8
   dt: d
   data: [ -1.7116482601618829e-01, 4.3461049480558095e-01, 0., 0., 0.,
       0., 0., 1.1784389850813008e+00 ]
